{
    "camera": "Arducam Forward (0c45:6366)",
    "platform": "Macintosh; Intel Mac OS X 10_15_7",
    "avg_reprojection_error": 0.06792189454050983,
    "camera_matrix": {
        "type_id": "opencv-matrix",
        "rows": 3,
        "cols": 3,
        "dt": "d",
        "data": [
            887.5246531063261,
            0,
            592.3955701550832,
            0,
            887.4032113256213,
            401.66281584027365,
            0,
            0,
            1
        ]
    },
    "distortion_coefficients": {
        "type_id": "opencv-matrix",
        "rows": 5,
        "cols": 1,
        "dt": "d",
        "data": [
            -0.012705975099284632,
            0.011997600639892785,
            0.00011479173145266209,
            0.0014840728487856593,
            -0.025185887492349218
        ]
    },
    "distortion_model": "rectilinear",
    "img_size": {
        "type_id": "opencv-matrix",
        "rows": 2,
        "cols": 1,
        "dt": "d",
        "data": [
            1280,
            720
        ]
    },
    "calibration_time": "Fri, 17 Feb 2023 05:26:01 GMT"
}